136 853
93 289
749 421
582 177
735 598
16 111
619 840
888 46
766 138
956 254
42 555
508 986
71 444
24 366
722 390
693 215
1000 22
478 544
825 346
593 694
308 857
874 262
916 541
544 274
940 385
295 131
961 853
837 299
471 321
967 982
788 804
546 824
922 74
811 2
827 567
965 500
112 783
437 377
240 532
411 763
524 691
863 738
206 581
588 386
318 409
1016 886
626 20
703 119
435 833
794 639
32 541
284 577
269 496
291 804
6 458
639 947
320 140
554 943
176 136
533 360
235 375
181 430
709 116
996 635
919 690
909 94
976 54
956 601
280 302
184 951
613 194
328 291
273 690
0 328
452 95
713 325
967 140
95 368
143 581
550 302
669 392
473 321
285 321
253 161
559 666
989 32
9 949
579 936
720 827
935 606
862 183
877 314
208 465
592 279
465 302
38 142
1014 123
808 561
924 480
271 456
931 1022
210 97
288 403
959 289
237 458
788 768
871 213
536 525
823 483
715 31
319 383
961 815
630 530
103 78
24 49
518 852
928 108
897 614
715 812
43 868
35 63
971 1020
391 432
120 975
781 220
7 982
570 404
364 204
959 543
820 270
74 602
386 50
579 330
9 752
864 297
609 223
546 229
560 690
585 715
113 557
335 498
734 922
65 916
330 68
217 593
176 568
385 901
490 754
56 903
820 936
416 342
561 368
721 400
609 701
512 950
341 227
385 500
246 646
775 0
317 397
737 938
284 8
249 610
732 296
965 364
649 145
133 780
160 248
853 548
200 259
2 104
1015 916
737 931
120 830
839 1
857 216
871 390
302 975
890 489
722 212
727 285
107 306
84 413
602 853
595 860
250 546
982 15
552 101
367 802
351 91
776 524
836 777
672 570
605 551
515 522
45 706
142 936
1021 582
157 294
110 622
896 717
915 471
32 612
726 908
19 810
695 638
122 961
207 884
558 60
784 16
146 172
499 719
375 104
1002 1001
7 324
2 578
487 935
890 314
942 349
330 953
966 584
1017 889
526 483
653 352
30 514
930 679
23 988
346 382
493 457
158 498
121 659
475 921
1017 529
273 249
882 890
475 467
503 511
546 791
991 794
550 449
343 688
607 440
103 347
449 253
732 210
196 535
945 272
534 800
955 653
935 183
994 836
189 27
292 25
494 358
490 354
257 393
616 382
554 613
11 68
231 918
1007 818
561 1012
958 709
759 790
822 594
121 285
307 392
600 739
133 62
544 763
183 225
621 571
585 151
72 830
10 325
624 805
941 575
434 16
917 567
64 406
234 818
780 111
562 361
895 36
540 36
636 924
293 782
9 546
825 587
738 912
201 838
820 187
209 413
93 820
263 847
172 135
85 765
799 773
63 498
70 648
976 865
585 760
306 387
803 676
454 955
89 920
53 1012
1007 592
333 1000
97 708
773 17
835 948
916 867
896 34
96 249
960 857
437 771
908 314
551 179
169 769
981 804
1016 763
465 210
512 771
496 243
823 780
88 99
260 319
109 1011
807 185
533 916
532 533
360 361
254 736
598 72
402 908
305 51
940 686
982 201
945 626
764 831
66 930
205 813
467 773
247 545
436 866
141 800
918 59
599 967
250 750
425 186
972 735
311 673
39 350
863 550
406 1020
958 599
510 23
255 278
358 203
277 0
19 262
241 484
581 848
577 655
499 406
737 99
713 417
42 306
298 543
756 971
373 74
220 241
42 7
259 841
963 137
184 1010
928 234
346 954
381 162
846 657
278 201
803 935
927 795
907 12
1016 127
884 542
821 607
196 339
370 710
436 512
477 617
602 211
592 572
884 792
322 302
532 145
373 285
762 658
698 569
428 780
726 552
193 63
23 780
921 130
183 94
519 750
765 791
366 132
885 651
64 893
546 235
155 594
348 917
252 256
823 715
132 376
733 801
380 587
440 655
200 900
717 134
958 912
177 159
841 849
492 34
370 188
461 344
208 610
883 947
176 621
418 895
525 462
557 494
854 752
922 572
423 1
50 404
498 459
454 511
631 33
669 203
402 490
458 434
839 60
363 528
10 323
118 319
392 120
784 736
421 567
198 599
871 502
597 196
892 990
313 668
103 490
189 304
953 437
830 736
390 1005
467 952
941 676
420 173
483 234
215 93
778 127
228 913
75 830
880 5
383 39
854 526
872 560
620 820
229 7
500 278
327 52
351 719
789 133
611 370
750 511
736 497
944 161
240 4
386 374
977 805
677 593
270 82
317 580
74 788
379 549
178 499
947 687
576 860
615 891
691 429
212 970
856 379
37 263
528 945
129 288
141 226
860 819
468 856
86 294
945 705
336 32
600 914
694 892
334 132
1002 269
737 555
316 502
108 166
687 613
182 340
760 794
447 558
183 806
679 310
69 980
451 851
882 261
69 31
242 168
535 805
797 302
476 1007
597 966
939 568
268 700
892 204
996 84
18 679
242 583
884 449
589 248
682 798
49 389
952 137
758 734
979 1019
639 58
236 681
303 874
562 119
985 510
168 655
928 391
495 968
428 138
655 200
141 714
937 494
775 837
543 605
809 108
937 641
775 105
201 935
850 515
325 728
208 845
1017 100
387 542
877 497
734 66
848 989
153 20
636 443
757 306
663 70
36 144
855 133
804 443
270 913
1009 876
353 508
347 454
389 29
512 920
53 162
573 423
727 333
514 408
814 595
443 802
453 108
966 0
219 797
646 557
702 533
472 371
991 884
813 902
747 576
474 369
73 792
28 588
9 601
242 674
890 841
585 617
822 790
648 680
428 170
223 1020
689 402
3 290
610 835
326 867
899 928
468 1003
867 348
438 905
492 462
104 85
570 871
541 832
1020 134
187 741
226 700
291 205
907 613
818 732
513 1007
778 613
737 910
614 777
754 514
458 314
779 462
239 554
348 222
434 48
903 517
289 163
842 213
546 445
308 437
439 740
418 753
498 673
193 914
108 622
959 572
433 50
639 1020
195 70
733 600
306 912
187 91
65 930
553 333
534 370
223 628
217 626
615 204
815 131
383 723
800 687
146 285
650 547
155 50
578 132
514 196
762 60
259 275
1012 996
513 784
114 860
914 897
370 353
967 980
72 935
276 612
797 109
832 141
875 423
613 169
591 131
627 939
407 79
456 16
955 78
657 356
312 717
255 778
256 597
192 504
379 67
787 74
938 243
233 818
770 700
960 638
331 245
307 709
177 839
741 828
891 674
633 868
691 393
113 843
613 243
362 1020
922 268
811 573
18 260
986 461
355 204
469 122
87 504
26 437
913 421
199 755
966 686
374 273
960 935
88 561
31 630
875 387
753 570
789 990
517 241
738 22
626 677
658 123
132 309
403 34
634 505
631 500
162 452
640 141
309 824
680 506
466 130
477 784
816 509
821 504
911 431
815 271
215 759
394 683
303 526
905 283
414 780
645 112
134 627
580 307
717 442
384 118
429 91
296 243
216 259
172 852
915 107
925 101
874 400
11 753
660 110
415 136
188 427
531 772
113 837
92 872
199 987
818 46
662 394
692 685
652 661
1011 1002
951 385
722 822
821 913
7 710
206 527
848 341
786 655
983 23
320 332
867 330
927 438
367 838
220 757
15 805
98 840
282 786
172 978
0 894
145 773
455 176
362 889
370 616
287 517
48 648
878 470
1021 870
577 683
435 345
722 597
971 450
3 594
230 799
294 250
656 844
943 627
266 257
352 363
288 250
321 644
919 575
77 397
401 81
771 129
543 413
777 495
567 553
518 536
797 771
486 989
995 1
647 357
20 378
101 438
228 189
536 792
551 314
877 927
309 455
343 421
37 215
457 541
992 52
103 947
300 877
150 727
470 196
908 416
346 886
384 451
127 166
260 690
570 540
943 905
954 404
425 603
909 547
957 531
954 146
387 683
503 633
374 733
873 718
9 973
295 739
511 571
655 331
75 570
164 725
489 273
45 427
309 179
540 103
992 345
890 451
268 949
615 18
249 652
715 401
11 964
394 581
183 261
557 927
516 950
183 701
888 370
423 206
313 80
283 114
867 480
220 678
258 888
367 1013
567 173
630 543
277 59
256 46
577 879
158 979
161 401
645 949
163 400
116 327
903 262
653 656
675 702
352 175
593 926
223 272
11 887
485 186
468 851
677 235
949 507
576 307
945 743
969 671
643 760
670 741
911 647
413 149
25 229
515 767
975 129
114 828
372 69
500 323
894 230
239 69
872 962
11 161
842 794
626 546
693 970
455 362
132 41
64 700
244 520
186 582
501 433
509 924
811 330
357 823
870 475
913 6
774 145
331 431
92 632
118 617
947 177
44 814
645 743
396 494
129 686
760 798
156 378
786 179
269 684
95 462
252 108
209 65
931 1014
365 312
743 258
929 68
224 1011
808 473
876 919
681 594
245 1023
687 133
636 929
608 454
912 769
115 740
422 817
767 680
602 648
696 578
712 11
677 170
713 615
478 368
271 35
380 80
398 308
736 296
714 1008
5 116
941 988
168 721
204 564
359 927
999 434
21 428
725 556
783 375
503 836
163 528
567 567
955 753
725 714
328 258
450 169
619 768
1 362
586 648
36 442
1002 628
