34 213
4 27
229 135
77 214
218 65
209 74
156 5
46 237
250 5
119 136
247 8
17 111
233 151
215 45
71 80
63 40
232 255
197 192
134 131
135 188
240 203
242 255
70 75
97 108
131 172
83 124
183 230
2 237
14 225
239 63
140 92
180 100
96 125
193 0
162 36
33 195
206 141
150 213
82 17
148 215
62 136
11 176
35 234
30 240
51 221
67 114
247 198
133 200
136 197
238 163
138 153
209 194
2 17
152 175
251 204
140 253
17 7
40 62
60 42
57 47
28 195
133 90
43 244
0 223
2 221
235 143
234 142
23 115
149 241
113 23
97 7
128 230
193 209
79 95
135 151
96 112
16 101
142 217
135 208
67 20
121 46
49 133
165 17
102 190
195 27
217 97
75 243
86 238
205 67
135 9
121 247
220 236
146 162
133 133
250 250
90 90
141 141
224 179
52 103
2 81
178 81
253 30
50 209
125 158
205 46
92 154
122 188
5 195
71 129
230 32
110 52
105 51
78 20
112 42
221 135
154 192
241 171
205 151
70 28
0 90
11 106
138 235
200 169
77 44
231 120
113 238
7 104
215 184
192 175
240 159
251 148
82 61
133 36
117 212
93 68
157 132
240 233
124 101
83 250
153 48
24 177
167 98
154 95
193 4
228 105
49 188
237 96
10 217
243 32
50 225
39 244
28 207
68 172
196 44
224 8
67 171
118 80
168 142
24 62
240 214
255 217
42 192
93 183
254 190
52 116
76 12
116 52
128 192
235 171
134 198
124 60
151 137
100 122
114 108
160 190
167 185
19 99
236 156
191 207
100 20
116 193
205 120
178 7
61 136
109 216
228 1
77 168
36 193
193 36
109 94
144 163
45 23
129 187
144 170
108 86
178 104
23 205
136 206
45 107
202 140
10 76
25 86
112 63
73 6
189 242
93 18
239 228
55 60
44 39
10 1
153 106
147 96
2 241
232 27
208 35
98 145
240 34
187 105
241 35
46 252
232 58
134 103
226 3
254 31
92 177
30 243
109 128
119 154
65 172
54 148
51 145
44 142
150 52
67 124
116 75
181 138
48 15
6 57
128 191
254 132
144 234
180 206
191 197
68 62
239 149
127 5
91 33
63 69
124 179
16 223
136 58
175 29
38 148
35 145
87 229
63 64
205 178
33 94
221 162
183 200
216 74
65 211
179 33
64 210
223 247
241 91
21 191
54 156
153 51
55 157
133 201
40 100
29 81
161 237
93 17
1 114
88 43
159 236
80 35
123 8
15 124
92 47
148 231
55 68
203 32
142 101
35 200
229 14
95 180
150 179
240 213
117 80
13 40
115 86
44 34
205 195
124 114
22 24
113 127
65 79
209 15
79 145
255 33
90 132
0 82
184 234
2 80
29 79
238 188
98 30
196 184
78 167
152 113
87 179
111 139
105 141
45 201
169 77
17 245
197 33
25 122
200 171
241 146
47 76
36 71
87 55
239 143
225 129
108 12
133 229
72 40
159 255
101 255
97 251
22 140
116 238
7 157
35 56
148 143
215 204
221 198
80 75
229 172
59 114
107 34
55 255
98 170
172 100
75 131
51 203
16 232
248 0
161 89
224 153
239 150
178 203
180 205
190 199
39 94
62 152
91 253
110 200
141 43
252 219
205 234
88 127
86 113
227 161
235 169
105 43
120 58
103 37
163 50
159 14
228 117
59 170
8 153
35 178
75 218
140 29
234 123
95 9
26 76
181 227
213 131
218 140
155 205
222 11
180 97
64 149
57 1
46 22
125 69
7 147
2 150
0 148
60 168
89 205
71 144
18 197
94 137
154 210
0 72
152 208
9 65
49 246
172 107
245 50
204 11
53 242
165 98
137 78
183 149
123 89
122 88
64 98
53 23
60 133
250 67
194 123
239 72
219 124
201 110
183 16
67 228
213 95
73 195
216 82
231 109
91 209
2 136
55 189
171 33
48 126
94 16
178 252
95 146
110 163
74 135
28 209
23 218
127 246
246 127
42 163
81 216
232 97
23 158
123 242
25 19
6 12
43 33
189 183
244 254
184 138
173 159
79 125
188 142
197 247
27 41
171 153
136 57
144 33
128 49
194 115
59 138
190 15
72 51
226 153
204 183
128 251
2 243
73 184
159 110
241 0
127 142
189 76
80 161
54 199
163 82
50 64
21 103
150 228
173 223
83 33
109 185
104 188
124 168
18 198
170 126
48 228
254 221
212 247
38 5
10 138
27 155
191 34
153 4
220 65
62 163
241 125
199 75
119 251
104 85
60 1
96 93
244 201
208 237
229 216
169 148
189 197
159 231
45 85
190 198
113 27
229 143
222 122
49 149
112 212
226 70
217 125
149 49
103 195
36 43
26 21
162 136
59 17
161 139
9 35
175 133
247 221
203 225
38 12
218 240
186 144
118 92
2 40
193 26
50 233
21 73
206 146
213 137
184 228
81 13
236 176
84 8
4 169
60 145
221 112
147 62
109 192
227 78
246 26
217 53
67 175
223 51
249 21
128 237
170 199
85 56
12 97
140 172
146 178
254 222
174 142
77 109
28 139
46 185
56 175
117 250
8 135
216 87
109 226
129 213
212 128
116 32
106 46
243 183
128 196
117 49
131 120
163 88
18 233
119 196
204 127
17 162
218 105
205 126
153 42
147 32
156 234
101 19
185 207
72 62
74 60
114 4
54 64
222 168
140 90
223 9
196 18
178 100
234 60
143 105
181 83
128 102
223 57
58 93
249 158
9 110
196 163
250 157
146 154
205 197
162 170
224 232
123 115
93 26
236 171
158 217
144 215
153 222
28 185
153 60
90 255
137 44
230 67
105 204
39 124
194 153
184 227
5 94
153 194
88 51
227 136
89 50
117 30
239 132
21 126
6 109
234 160
220 97
145 44
161 28
129 60
33 156
184 5
81 182
27 252
201 46
210 53
52 211
254 25
96 135
136 111
108 4
91 51
239 135
229 141
132 236
32 72
96 29
107 22
73 62
164 211
95 40
207 184
235 156
211 164
69 50
159 232
245 3
58 204
30 164
164 30
218 96
4 202
172 98
28 210
96 12
33 77
100 8
45 65
139 231
129 237
214 54
158 126
192 32
135 103
157 125
64 68
228 224
92 88
253 249
241 245
160 35
183 52
77 206
238 109
169 42
130 91
138 83
133 92
48 17
200 233
183 150
180 149
231 198
152 92
187 127
233 45
184 124
236 40
56 252
69 0
103 34
71 2
47 106
4 65
202 143
132 193
60 121
145 212
238 19
164 89
183 74
76 177
44 209
78 179
63 194
227 107
214 94
203 67
53 189
136 68
238 34
43 213
228 26
57 199
231 25
79 102
248 209
47 6
205 228
236 68
107 195
76 228
57 229
69 153
144 76
199 27
173 171
199 193
210 212
163 165
252 250
62 187
246 115
51 141
218 100
2 188
165 27
89 231
30 207
148 69
209 0
202 27
72 201
96 225
180 53
212 85
131 115
22 230
13 253
139 123
245 5
202 0
238 36
3 201
24 210
96 170
221 225
219 231
77 113
85 105
245 201
188 128
9 53
114 78
45 175
70 196
242 112
222 92
194 31
57 228
18 207
145 76
220 1
179 110
230 18
227 23
195 55
1 245
213 33
18 150
139 15
90 222
248 86
12 162
219 117
222 112
67 237
220 222
66 64
118 116
128 130
125 127
88 90
49 84
141 138
8 15
129 134
163 164
199 192
168 175
181 178
25 109
73 32
213 188
230 143
218 179
105 0
12 101
114 135
248 13
16 229
25 236
1 177
178 2
51 131
0 144
75 219
121 233
222 78
118 230
37 181
28 215
235 96
227 104
238 101
86 221
32 171
244 216
52 24
72 100
79 99
146 190
76 96
136 190
31 41
86 95
142 135
123 114
235 226
106 150
80 83
139 166
9 36
125 80
61 161
18 142
41 181
219 229
122 68
170 148
174 144
181 139
135 25
55 169
42 180
64 222
195 93
184 232
1 81
44 124
216 120
225 65
184 24
87 22
194 131
232 169
107 42
82 72
93 71
0 26
157 135
190 164
69 14
23 92
64 11
144 219
67 8
95 20
177 29
125 209
52 152
40 132
138 25
91 200
169 58
237 126
210 198
156 136
23 72
173 242
203 148
178 153
113 90
33 10
119 92
16 175
61 130
46 145
117 214
125 108
197 201
222 210
152 55
217 118
156 169
148 173
82 107
63 184
7 128
149 18
29 154
100 227
196 4
236 44
11 203
253 229
161 185
99 123
63 27
52 16
228 192
45 56
232 253
155 142
91 78
191 170
137 112
244 13
185 64
85 172
151 110
232 17
108 208
235 87
82 238
202 118
137 75
144 82
61 255
9 87
239 177
215 137
150 162
6 91
113 44
219 78
157 8
249 108
167 50
76 98
150 184
33 15
99 77
44 155
104 223
146 37
181 71
5 247
184 74
198 159
205 148
30 71
40 113
1 29
235 247
173 53
206 86
127 231
202 82
255 145
39 73
5 107
82 64
236 185
242 167
156 201
